data/npbg_dem50fix.asc
ncols        532
nrows        446
xllcorner    4557326.744306672364
yllcorner    5256974.281741981395
cellsize     50.000000000000
NODATA_value  -99999
[rows 115 to 137 of 446, columns 102 to 152 of 532]
1008.5699462890625 989.43841552734375 972.59466552734375 956.601318359375 938.108154296875 920.5205078125 907.9071044921875 894.79571533203125 879.55706787109375 867.5838623046875 858.30853271484375 850.296630859375 841.40020751953125 830.07000732421875 813.52447509765625 805.63714599609375 803.6875 803.09600830078125 802.909912109375 802.89056396484375 802.7662353515625 802.3785400390625 802.1107177734375 802.28472900390625 802.35858154296875 802.1744384765625 802.5140380859375 804.18634033203125 808.68597412109375 813.22930908203125 815.981201171875 822.95562744140625 838.10955810546875 853.96807861328125 863.84490966796875 875.67657470703125 891.75299072265625 909.760986328125 933.81591796875 967.20574951171875 1018.26251220703125 1053.8603515625 1070.1365966796875 1077.3184814453125 1054.0789794921875 1038.740478515625 1035.3856201171875 1040.53662109375 1062.03466796875 1093.901123046875 1122.3587646484375
995.87835693359375 975.4649658203125 959.3529052734375 945.96771240234375 929.89910888671875 916.68267822265625 906.6470947265625 892.5347900390625 877.3524169921875 864.4295654296875 856.562744140625 852.504638671875 844.3311767578125 834.8072509765625 816.21136474609375 806.68408203125 804.294677734375 804.0035400390625 803.7811279296875 803.73077392578125 803.54296875 803.17974853515625 802.86004638671875 803.01824951171875 803.3564453125 804.15509033203125 808.005859375 815.2208251953125 823.2802734375 826.74188232421875 828.6138916015625 834.8189697265625 847.26318359375 866.62158203125 881.9044189453125 894.91204833984375 910.8575439453125 929.4296875 955.49761962890625 996.84991455078125 1050.1962890625 1077.1273193359375 1094.6795654296875 1107.26171875 1087.1119384765625 1070.9154052734375 1060.6436767578125 1058.135009765625 1069.6202392578125 1093.8543701171875 1118.4827880859375
991.7213134765625 967.79498291015625 950.38238525390625 937.98486328125 923.71588134765625 912.568115234375 900.9652099609375 886.767333984375 871.88037109375 854.94158935546875 847.60247802734375 843.7464599609375 837.962646484375 827.80047607421875 813.36993408203125 806.69049072265625 804.89093017578125 804.6983642578125 805.0030517578125 804.81097412109375 804.40130615234375 803.98870849609375 803.58831787109375 803.897705078125 805.433349609375 809.91180419921875 823.0150146484375 836.983642578125 847.8145751953125 852.91339111328125 853.3887939453125 856.682861328125 866.45880126953125 885.56329345703125 908.94207763671875 926.62286376953125 942.40789794921875 960.181396484375 990.2239990234375 1035.43505859375 1089.052001953125 1107.0679931640625 1122.0880126953125 1133.8594970703125 1125.4554443359375 1110.818359375 1091.931884765625 1084.4464111328125 1088.07861328125 1103.27294921875 1120.1358642578125
988.77459716796875 967.36029052734375 948.7200927734375 933.48077392578125 921.63995361328125 910.09967041015625 895.10479736328125 878.08416748046875 860.71875 840.69854736328125 828.62530517578125 824.480224609375 821.309814453125 814.11920166015625 809.05487060546875 806.380859375 805.67437744140625 805.62640380859375 806.0687255859375 805.80987548828125 805.09918212890625 804.63568115234375 805.0867919921875 807.20166015625 811.90203857421875 826.84710693359375 846.93804931640625 863.65374755859375 877.9945068359375 890.35247802734375 896.11822509765625 897.51300048828125 903.845947265625 920.0050048828125 942.1578369140625 963.88623046875 984.28173828125 1001.91119384765625 1029.326416015625 1074.5452880859375 1130.3792724609375 1145.8787841796875 1158.150634765625 1171.9622802734375 1176.524169921875 1161.587890625 1138.09765625 1118.94189453125 1117.7725830078125 1126.56640625 1137.336669921875
982.9425048828125 962.23046875 944.06536865234375 927.66802978515625 916.7073974609375 903.6605224609375 885.72174072265625 864.00408935546875 843.20489501953125 825.38787841796875 815.025634765625 812.6893310546875 811.47784423828125 809.464599609375 807.90521240234375 806.97979736328125 806.70855712890625 807.1312255859375 806.748291015625 806.20001220703125 805.67120361328125 806.3680419921875 810.365234375 820.68731689453125 832.181396484375 852.2808837890625 875.16766357421875 894.6502685546875 910.78546142578125 928.4315185546875 942.8515625 949.88323974609375 952.915771484375 959.2730712890625 974.08380126953125 995.1981201171875 1019.579345703125 1043.6014404296875 1069.1680908203125 1110.5982666015625 1169.0162353515625 1195.9522705078125 1211.82421875 1223.1527099609375 1223.0106201171875 1211.13525390625 1188.6175537109375 1158.6055908203125 1150.14111328125 1155.0013427734375 1160.5125732421875
976.82843017578125 953.99041748046875 934.00408935546875 916.75115966796875 903.94512939453125 888.47052001953125 867.84490966796875 846.0911865234375 827.43304443359375 815.4549560546875 811.6917724609375 810.72930908203125 809.90899658203125 808.82611083984375 808.1141357421875 808.14666748046875 808.2882080078125 807.860107421875 807.118408203125 806.51336669921875 806.7728271484375 811.97509765625 830.11517333984375 847.31964111328125 864.16064453125 883.3218994140625 904.92864990234375 927.92724609375 947.11041259765625 965.42266845703125 982.35205078125 994.96173095703125 1001.17059326171875 1004.39508056640625 1011.8092041015625 1027.5037841796875 1047.3013916015625 1075.6610107421875 1103.9638671875 1139.3697509765625 1190.0115966796875 1230.3626708984375 1260.225830078125 1279.03125 1278.56884765625 1264.3985595703125 1242.7762451171875 1204.2103271484375 1181.6025390625 1179.0164794921875 1182.9573974609375
970.91522216796875 946.99566650390625 923.87481689453125 902.9759521484375 884.99835205078125 866.727783203125 847.12786865234375 830.049560546875 818.19146728515625 812.98431396484375 811.83642578125 810.9871826171875 810.1104736328125 809.45135498046875 809.056396484375 809.26513671875 808.8680419921875 808.20068359375 807.63714599609375 807.3583984375 809.21826171875 820.43109130859375 850.99652099609375 878.90826416015625 897.6890869140625 915.00732421875 932.60015869140625 954.66912841796875 978.8870849609375 1000.11590576171875 1017.40118408203125 1036.9600830078125 1051.56005859375 1060.6905517578125 1061.6490478515625 1063.48583984375 1074.7188720703125 1098.17333984375 1134.473876953125 1167.6756591796875 1196.6090087890625 1239.0919189453125 1281.554443359375 1320.602294921875 1342.527099609375 1328.83251953125 1294.8480224609375 1247.3465576171875 1212.86767578125 1202.77197265625 1206.393310546875
964.354736328125 940.1202392578125 916.6094970703125 893.421630859375 869.5234375 847.37091064453125 829.904052734375 819.4775390625 814.77874755859375 813.11480712890625 812.26690673828125 811.33624267578125 810.60137939453125 810.3392333984375 810.40277099609375 809.9425048828125 809.3507080078125 808.77001953125 808.4288330078125 808.88189697265625 813.9892578125 834.79345703125 876.29595947265625 907.8260498046875 928.1458740234375 946.3748779296875 962.3736572265625 980.2921142578125 1003.08526611328125 1028.6063232421875 1051.7410888671875 1077.26708984375 1099.73681640625 1116.84033203125 1118.1270751953125 1106.09912109375 1105.8035888671875 1123.6754150390625 1160.564208984375 1196.8448486328125 1220.6383056640625 1249.0513916015625 1291.111328125 1344.1292724609375 1388.3330078125 1384.3079833984375 1343.9014892578125 1288.2808837890625 1246.081298828125 1231.20654296875 1235.1055908203125
957.2489013671875 934.02667236328125 912.2320556640625 888.5169677734375 860.25213623046875 835.50079345703125 821.14459228515625 815.9244384765625 814.293212890625 813.46807861328125 812.70245361328125 811.8997802734375 811.5203857421875 811.462646484375 811.17620849609375 810.684326171875 810.080322265625 809.62603759765625 809.64910888671875 811.8988037109375 822.08843994140625 851.51885986328125 898.5213623046875 933.64422607421875 956.70819091796875 978.12359619140625 995.2200927734375 1011.68341064453125 1031.03271484375 1056.6002197265625 1084.8592529296875 1116.096435546875 1144.580810546875 1164.8114013671875 1166.8221435546875 1149.908447265625 1143.6123046875 1158.681640625 1183.03759765625 1212.1370849609375 1245.1231689453125 1276.8182373046875 1305.58935546875 1347.255126953125 1406.6815185546875 1426.012451171875 1394.7666015625 1339.5831298828125 1290.715087890625 1263.09033203125 1266.132080078125
948.31500244140625 927.1915283203125 906.77032470703125 883.15460205078125 854.66680908203125 830.2645263671875 818.4000244140625 815.60186767578125 814.6123046875 813.765625 813.27618408203125 812.87652587890625 812.62445068359375 812.3525390625 812.08984375 811.45281982421875 810.90582275390625 810.80682373046875 812.05792236328125 817.78289794921875 833.41693115234375 864.82647705078125 913.273681640625 954.297119140625 983.40032958984375 1007.05255126953125 1027.029052734375 1045.232666015625 1065.693359375 1089.477294921875 1117.2672119140625 1150.87548828125 1182.9866943359375 1203.698486328125 1207.5723876953125 1196.97216796875 1189.8984375 1199.9346923828125 1220.0748291015625 1239.5203857421875 1266.3033447265625 1305.83203125 1333.4664306640625 1361.7601318359375 1411.7591552734375 1449.9156494140625 1453.371337890625 1407.566162109375 1346.9656982421875 1298.9871826171875 1294.9501953125
936.00885009765625 916.193603515625 896.20770263671875 872.85955810546875 847.85614013671875 826.83056640625 817.86126708984375 816.09967041015625 815.27813720703125 814.47552490234375 814.03619384765625 813.925537109375 813.61553955078125 813.265869140625 812.8785400390625 812.33465576171875 812.09246826171875 812.91375732421875 817.6429443359375 828.9515380859375 846.42181396484375 875.984619140625 920.83551025390625 968.85797119140625 1006.02490234375 1034.3555908203125 1058.3526611328125 1081.0457763671875 1103.3739013671875 1126.5068359375 1151.7652587890625 1180.1282958984375 1209.8468017578125 1232.542724609375 1243.951416015625 1244.1348876953125 1240.66552734375 1247.0482177734375 1259.81005859375 1270.9022216796875 1292.8597412109375 1327.858642578125 1365.3284912109375 1393.8626708984375 1427.50634765625 1464.9566650390625 1492.5887451171875 1474.479736328125 1416.0457763671875 1354.04931640625 1324.3353271484375
922.63970947265625 902.23370361328125 882.11212158203125 859.77197265625 839.17987060546875 823.64410400390625 818.07598876953125 816.847412109375 815.99200439453125 815.113525390625 814.810302734375 814.920166015625 814.63653564453125 814.41485595703125 813.952880859375 813.59075927734375 813.96539306640625 816.95806884765625 826.37042236328125 842.145263671875 861.73431396484375 889.2994384765625 928.6162109375 976.82720947265625 1022.58050537109375 1059.1102294921875 1090.063232421875 1118.997802734375 1142.5433349609375 1164.8291015625 1188.2633056640625 1209.4024658203125 1229.423828125 1252.2393798828125 1272.526123046875 1283.728271484375 1286.2015380859375 1292.4952392578125 1296.910400390625 1305.0196533203125 1327.1112060546875 1355.198486328125 1387.981689453125 1423.3629150390625 1459.78271484375 1490.4208984375 1524.8525390625 1532.2889404296875 1493.9940185546875 1422.4373779296875 1364.909423828125
908.9017333984375 887.9952392578125 868.90283203125 849.79327392578125 832.63592529296875 821.82708740234375 818.49432373046875 817.443603515625 816.587646484375 815.81707763671875 815.6492919921875 815.86669921875 815.80194091796875 815.78839111328125 816.04351806640625 816.9241943359375 819.8372802734375 825.609619140625 835.37432861328125 852.66357421875 876.2760009765625 904.89794921875 940.894775390625 985.16314697265625 1033.802734375 1077.1002197265625 1115.3319091796875 1150.433837890625 1178.0860595703125 1201.5201416015625 1224.12646484375 1243.4007568359375 1256.896484375 1271.4786376953125 1292.26708984375 1312.4346923828125 1324.986083984375 1332.93994140625 1335.984375 1343.794921875 1365.4622802734375 1392.1435546875 1414.228759765625 1442.3193359375 1486.3458251953125 1525.92041015625 1559.3385009765625 1580.292724609375 1560.0164794921875 1487.3343505859375 1414.7017822265625
893.97796630859375 873.7596435546875 856.63641357421875 841.132568359375 828.06610107421875 820.81158447265625 818.8828125 817.90667724609375 817.18499755859375 816.794189453125 816.7786865234375 816.8885498046875 817.069091796875 818.0751953125 821.46697998046875 827.91802978515625 834.79522705078125 839.70703125 845.493896484375 860.49847412109375 887.98736572265625 922.97454833984375 962.3377685546875 1003.40277099609375 1046.7376708984375 1089.7955322265625 1130.3306884765625 1170.1285400390625 1205.854248046875 1234.5174560546875 1258.046875 1278.23291015625 1293.22802734375 1304.14501953125 1317.6055908203125 1337.8612060546875 1359.6527099609375 1377.4356689453125 1385.9410400390625 1390.2578125 1407.209716796875 1433.7056884765625 1455.0489501953125 1477.4998779296875 1512.6873779296875 1553.791259765625 1596.542724609375 1626.605712890625 1605.8468017578125 1537.5797119140625 1471.091064453125
880.15948486328125 861.06719970703125 845.10223388671875 832.48602294921875 824.12396240234375 820.46136474609375 819.266357421875 818.4884033203125 817.86138916015625 817.745849609375 817.90216064453125 817.94683837890625 818.57659912109375 821.97991943359375 830.706787109375 841.96636962890625 850.6905517578125 857.599609375 861.57684326171875 868.08331298828125 892.091796875 935.0118408203125 983.7093505859375 1028.2841796875 1071.117919921875 1111.468994140625 1146.9996337890625 1185.3482666015625 1227.6617431640625 1262.8072509765625 1287.5733642578125 1308.8170166015625 1328.431884765625 1343.0079345703125 1352.177978515625 1365.5963134765625 1388.5504150390625 1413.4405517578125 1430.555419921875 1440.4210205078125 1448.3026123046875 1466.3218994140625 1491.89013671875 1512.5321044921875 1540.576904296875 1579.0860595703125 1623.8790283203125 1655.31982421875 1635.373779296875 1582.255615234375 1530.2698974609375
867.21710205078125 849.6253662109375 835.08868408203125 826.16668701171875 822.19256591796875 820.76788330078125 819.95556640625 819.35797119140625 818.9892578125 818.97467041015625 819.10052490234375 819.2984619140625 820.46588134765625 826.95770263671875 840.9556884765625 855.16619873046875 864.46466064453125 874.26239013671875 885.3748779296875 887.06060791015625 897.9639892578125 935.70538330078125 989.58380126953125 1043.5162353515625 1091.7940673828125 1135.1112060546875 1169.4547119140625 1204.219482421875 1246.3057861328125 1283.5030517578125 1309.238037109375 1331.7845458984375 1354.40966796875 1373.0079345703125 1382.81298828125 1392.0908203125 1410.58154296875 1437.255859375 1461.8280029296875 1477.1409912109375 1485.44189453125 1495.2265625 1513.4224853515625 1539.1781005859375 1571.80322265625 1612.5360107421875 1659.6793212890625 1689.8782958984375 1677.27197265625 1631.581787109375 1582.234130859375
854.28350830078125 839.38714599609375 828.4095458984375 823.52947998046875 822.09698486328125 821.47735595703125 820.9854736328125 820.58544921875 820.39105224609375 820.40484619140625 820.7864990234375 821.47320556640625 824.06158447265625 833.20428466796875 849.30859375 865.40087890625 877.1966552734375 889.34246826171875 905.9007568359375 917.796630859375 922.568603515625 942.95635986328125 987.2618408203125 1040.8638916015625 1091.6629638671875 1141.5401611328125 1184.3204345703125 1220.6751708984375 1258.972412109375 1294.587646484375 1323.126220703125 1348.899658203125 1373.253173828125 1392.7559814453125 1404.7662353515625 1419.0118408203125 1436.95947265625 1458.388916015625 1486.025634765625 1509.3272705078125 1522.2388916015625 1529.7384033203125 1538.608154296875 1564.461181640625 1603.1534423828125 1644.690673828125 1690.5177001953125 1728.951904296875 1725.0504150390625 1678.3629150390625 1629.5980224609375
842.94512939453125 832.4654541015625 825.8314208984375 823.50018310546875 822.814697265625 822.46734619140625 822.16839599609375 821.84930419921875 821.789306640625 822.5108642578125 824.82562255859375 827.920654296875 832.4715576171875 842.54278564453125 858.777587890625 875.1175537109375 888.989990234375 903.56781005859375 924.09033203125 947.0069580078125 955.38671875 963.2984619140625 993.93927001953125 1039.2633056640625 1086.919189453125 1137.987060546875 1186.8074951171875 1227.7535400390625 1265.0418701171875 1299.846435546875 1331.1785888671875 1359.894287109375 1387.670166015625 1410.33447265625 1427.3975830078125 1449.4522705078125 1471.0594482421875 1488.3460693359375 1509.119140625 1534.6163330078125 1556.9117431640625 1567.525146484375 1570.41748046875 1587.44970703125 1622.2188720703125 1665.20263671875 1711.3011474609375 1754.0498046875 1764.360107421875 1730.274169921875 1684.4896240234375
834.4969482421875 828.77288818359375 825.54534912109375 824.36981201171875 823.85919189453125 823.529052734375 823.24468994140625 823.28173828125 824.1414794921875 827.51409912109375 833.10723876953125 838.4415283203125 846.65673828125 858.7073974609375 870.98822021484375 883.66156005859375 899.75469970703125 920.04620361328125 943.13958740234375 971.8365478515625 986.892333984375 988.616943359375 1008.614990234375 1044.230712890625 1085.6224365234375 1134.3944091796875 1185.99755859375 1230.59619140625 1268.5009765625 1303.4764404296875 1336.482421875 1366.7352294921875 1397.9027099609375 1427.4669189453125 1452.0516357421875 1478.340087890625 1503.6336669921875 1521.8121337890625 1536.8280029296875 1557.82666015625 1586.25732421875 1605.293701171875 1606.789794921875 1612.2662353515625 1637.177978515625 1672.2470703125 1712.0050048828125 1754.092529296875 1787.6953125 1785.89990234375 1752.9376220703125
829.9400634765625 827.54815673828125 826.24176025390625 825.405029296875 824.90802001953125 824.59442138671875 824.688720703125 826.256591796875 829.63037109375 835.54949951171875 843.48931884765625 850.82830810546875 863.4420166015625 876.52294921875 883.64581298828125 892.4892578125 910.28265380859375 940.4222412109375 970.03289794921875 997.91064453125 1016.2454833984375 1018.42657470703125 1025.39111328125 1052.6077880859375 1089.849365234375 1134.72998046875 1185.71044921875 1232.3984375 1271.760009765625 1307.2158203125 1341.32861328125 1374.09375 1408.18994140625 1446.0328369140625 1480.245361328125 1510.664306640625 1537.6851806640625 1556.7288818359375 1568.833251953125 1585.61865234375 1612.28857421875 1639.1580810546875 1648.06103515625 1644.197998046875 1660.7381591796875 1693.0433349609375 1723.8388671875 1760.2132568359375 1808.132568359375 1833.6956787109375 1809.412841796875
828.8082275390625 827.82220458984375 827.1092529296875 826.36322021484375 825.84771728515625 825.9217529296875 827.49432373046875 831.947509765625 837.77655029296875 844.72296142578125 853.75408935546875 863.69964599609375 878.94964599609375 891.22540283203125 895.44451904296875 902.3763427734375 921.84130859375 957.06036376953125 993.5509033203125 1021.1302490234375 1041.8270263671875 1050.5693359375 1052.559814453125 1066.828857421875 1095.2119140625 1135.988037109375 1183.7364501953125 1232.649169921875 1275.8406982421875 1313.5948486328125 1349.3369140625 1385.11962890625 1422.543701171875 1465.1441650390625 1507.58837890625 1543.1075439453125 1573.324462890625 1595.9139404296875 1610.3616943359375 1621.897216796875 1638.9290771484375 1664.990966796875 1685.0008544921875 1680.831787109375 1687.87939453125 1718.381103515625 1756.4136962890625 1789.1220703125 1836.89697265625 1874.4759521484375 1858.6365966796875
829.13848876953125 828.373291015625 827.8260498046875 827.43572998046875 827.68878173828125 828.78009033203125 832.15447998046875 838.41180419921875 846.50543212890625 855.63128662109375 866.85040283203125 877.18878173828125 889.38275146484375 900.23846435546875 906.38427734375 915.77130126953125 938.530517578125 976.61480712890625 1011.483642578125 1040.4185791015625 1064.6387939453125 1082.0968017578125 1085.61328125 1092.400390625 1108.9730224609375 1138.51806640625 1181.269775390625 1230.1905517578125 1275.3662109375 1317.0537109375 1356.960693359375 1396.9930419921875 1439.4327392578125 1485.6541748046875 1528.848876953125 1568.4796142578125 1607.2779541015625 1636.20751953125 1651.9239501953125 1662.0736083984375 1670.7802734375 1691.6448974609375 1713.1949462890625 1716.67919921875 1718.68212890625 1742.9666748046875 1784.7152099609375 1820.1302490234375 1860.90576171875 1899.5703125 1903.0899658203125
829.62249755859375 828.92327880859375 828.688232421875 829.821533203125 832.093505859375 834.92767333984375 839.13226318359375 846.37042236328125 855.81732177734375 866.7152099609375 879.677001953125 891.38311767578125 898.80712890625 906.50225830078125 916.6514892578125 930.975830078125 958.82122802734375 992.873779296875 1027.2152099609375 1057.1251220703125 1087.431884765625 1112.1160888671875 1123.7657470703125 1128.120361328125 1137.2860107421875 1153.408447265625 1182.7581787109375 1225.7080078125 1269.26806640625 1313.5009765625 1360.3638916015625 1405.8690185546875 1452.3294677734375 1502.7252197265625 1549.555908203125 1588.8853759765625 1624.6611328125 1658.5521240234375 1687.0367431640625 1703.2017822265625 1704.337646484375 1713.5389404296875 1733.78857421875 1750.41748046875 1755.201416015625 1769.228271484375 1799.875244140625 1833.161865234375 1868.873291015625 1905.662109375 1926.1923828125
