data/npbg_dem50fix.asc
ncols        532
nrows        446
xllcorner    4557326.744306672364
yllcorner    5256974.281741981395
cellsize     50.000000000000
NODATA_value  -99999
[rows 253 to 275 of 446, columns 153 to 203 of 532]
1691.0858154296875 1706.3116455078125 1702.09033203125 1664.6053466796875 1619.9930419921875 1602.1866455078125 1625.132568359375 1656.29296875 1692.568359375 1731.359130859375 1754.0347900390625 1745.6409912109375 1733.2967529296875 1739.41796875 1764.0106201171875 1799.089111328125 1836.2757568359375 1856.328857421875 1840.212890625 1797.2587890625 1753.716796875 1722.3780517578125 1671.3326416015625 1605.26708984375 1538.49609375 1489.2640380859375 1470.305419921875 1462.0675048828125 1452.251708984375 1443.089111328125 1434.739990234375 1427.688232421875 1425.7239990234375 1424.4176025390625 1420.40283203125 1415.076171875 1410.16162109375 1406.703125 1404.4083251953125 1401.83203125 1398.1116943359375 1393.5120849609375 1388.7799072265625 1384.293701171875 1380.8546142578125 1379.8218994140625 1382.8309326171875 1387.634521484375 1392.540283203125 1397.0164794921875 1401.26171875
1730.4254150390625 1740.28564453125 1723.0987548828125 1678.3909912109375 1634.771728515625 1623.2625732421875 1646.936279296875 1672.7535400390625 1706.5799560546875 1747.8154296875 1784.880615234375 1796.1329345703125 1794.71728515625 1792.4830322265625 1792.80712890625 1814.1488037109375 1842.4010009765625 1866.6558837890625 1849.4359130859375 1779.9205322265625 1734.096435546875 1700.6982421875 1660.0296630859375 1605.83740234375 1551.6939697265625 1500.587646484375 1481.3311767578125 1471.6846923828125 1460.660400390625 1450.15283203125 1441.2828369140625 1435.014892578125 1433.4630126953125 1431.2811279296875 1426.635986328125 1421.0384521484375 1416.4686279296875 1414.1484375 1412.4208984375 1409.5809326171875 1405.941162109375 1401.7794189453125 1396.7647705078125 1391.8636474609375 1387.2216796875 1384.738525390625 1387.1009521484375 1392.5159912109375 1397.7359619140625 1401.9359130859375 1405.034912109375
1757.4986572265625 1764.73388671875 1730.55615234375 1680.15087890625 1646.7548828125 1645.2332763671875 1672.1446533203125 1711.799560546875 1755.059814453125 1781.267822265625 1808.5299072265625 1845.6085205078125 1877.8443603515625 1872.6678466796875 1863.283447265625 1844.734130859375 1859.3133544921875 1858.7484130859375 1818.0804443359375 1753.405029296875 1705.84326171875 1671.7703857421875 1635.39306640625 1587.93408203125 1541.989990234375 1506.42529296875 1491.4493408203125 1480.52978515625 1468.8258056640625 1457.0135498046875 1447.7508544921875 1441.784912109375 1439.420654296875 1437.1787109375 1431.8162841796875 1426.409423828125 1422.8138427734375 1421.6990966796875 1420.335205078125 1417.4959716796875 1414.0302734375 1409.8958740234375 1404.752685546875 1399.3055419921875 1393.8656005859375 1391.56640625 1394.7841796875 1400.88330078125 1406.6497802734375 1410.72216796875 1412.864013671875
1779.885986328125 1782.666748046875 1745.8739013671875 1695.095703125 1664.0291748046875 1670.078369140625 1701.9840087890625 1738.5042724609375 1782.517578125 1824.0009765625 1842.796875 1888.4591064453125 1950.0858154296875 1958.362060546875 1931.5819091796875 1901.767822265625 1878.6248779296875 1846.1429443359375 1779.85888671875 1720.080322265625 1680.2691650390625 1645.8431396484375 1607.7957763671875 1568.293701171875 1535.122802734375 1512.8380126953125 1500.1737060546875 1488.0452880859375 1475.8427734375 1463.94873046875 1454.457763671875 1448.3515625 1445.5057373046875 1442.6055908203125 1437.0301513671875 1431.907958984375 1429.755615234375 1429.4561767578125 1428.3489990234375 1425.84033203125 1422.3348388671875 1417.81494140625 1412.2630615234375 1405.8958740234375 1400.119384765625 1398.0244140625 1402.3134765625 1409.5267333984375 1416.098876953125 1420.8134765625 1423.0228271484375
1807.620849609375 1791.343994140625 1755.0299072265625 1711.7059326171875 1686.80078125 1695.1256103515625 1723.6961669921875 1764.1405029296875 1811.2664794921875 1856.425537109375 1878.866455078125 1917.1038818359375 1984.3133544921875 2009.709716796875 1967.1202392578125 1913.64208984375 1865.7974853515625 1812.849365234375 1746.7684326171875 1693.111328125 1658.933349609375 1628.329833984375 1594.0728759765625 1561.948974609375 1537.3311767578125 1519.9510498046875 1506.7755126953125 1494.366943359375 1482.147216796875 1470.4493408203125 1460.7889404296875 1455.0904541015625 1452.0067138671875 1448.146484375 1442.3292236328125 1437.89990234375 1436.7415771484375 1437.4842529296875 1436.7431640625 1434.1529541015625 1430.294677734375 1425.142333984375 1418.5279541015625 1411.4425048828125 1405.6815185546875 1404.2198486328125 1409.3482666015625 1417.256103515625 1424.3056640625 1430.1014404296875 1433.6431884765625
1830.682861328125 1802.6666259765625 1760.5067138671875 1727.8271484375 1717.801513671875 1725.1572265625 1743.479736328125 1776.9072265625 1826.466552734375 1877.250244140625 1912.4342041015625 1949.189208984375 1993.854736328125 1992.3802490234375 1929.150634765625 1857.741943359375 1804.214599609375 1757.1383056640625 1709.1466064453125 1666.9173583984375 1638.809814453125 1613.9998779296875 1587.06982421875 1560.8236083984375 1539.908935546875 1524.3841552734375 1511.611572265625 1499.8013916015625 1487.3409423828125 1475.38720703125 1466.3365478515625 1461.99560546875 1458.9688720703125 1453.6318359375 1447.7742919921875 1444.1378173828125 1444.0911865234375 1445.3018798828125 1445.1060791015625 1442.6934814453125 1438.3992919921875 1433.1212158203125 1426.8353271484375 1420.381591796875 1418.97607421875 1424.9788818359375 1433.2562255859375 1436.171875 1435.57568359375 1439.9405517578125 1443.52099609375
1845.9742431640625 1820.871337890625 1779.567138671875 1752.5682373046875 1748.1488037109375 1758.7701416015625 1774.8353271484375 1798.5809326171875 1845.70947265625 1905.4952392578125 1946.246826171875 1967.7867431640625 1978.686279296875 1944.4296875 1869.179443359375 1801.39453125 1753.5069580078125 1714.0257568359375 1679.98876953125 1649.50048828125 1626.2783203125 1607.0509033203125 1583.1666259765625 1558.6923828125 1540.9432373046875 1526.0155029296875 1513.447021484375 1501.9725341796875 1490.101806640625 1479.189453125 1471.73828125 1468.4837646484375 1465.201416015625 1459.3807373046875 1453.849853515625 1450.8411865234375 1451.2479248046875 1453.0487060546875 1453.7052001953125 1452.87744140625 1451.8321533203125 1454.776123046875 1460.158447265625 1458.484375 1453.3056640625 1459.591064453125 1471.6015625 1472.9735107421875 1466.6627197265625 1458.5291748046875 1454.3118896484375
1858.07470703125 1839.2781982421875 1803.4847412109375 1780.7537841796875 1779.1112060546875 1793.485107421875 1816.3709716796875 1833.2569580078125 1865.8243408203125 1925.3773193359375 1967.55419921875 1967.390869140625 1925.163818359375 1871.4288330078125 1830.7554931640625 1788.2454833984375 1745.9166259765625 1705.46923828125 1674.5081787109375 1653.1278076171875 1629.2467041015625 1603.4788818359375 1579.66015625 1557.4866943359375 1540.5179443359375 1525.5208740234375 1512.32421875 1501.0235595703125 1491.2623291015625 1483.3135986328125 1478.2508544921875 1475.2657470703125 1471.061279296875 1465.23291015625 1460.15771484375 1457.8155517578125 1458.7945556640625 1461.033447265625 1463.7181396484375 1471.0595703125 1487.619873046875 1499.7421875 1502.6826171875 1501.4490966796875 1498.0400390625 1506.45263671875 1513.6029052734375 1510.1495361328125 1503.2696533203125 1485.14794921875 1468.871337890625
1872.830322265625 1862.0140380859375 1830.138671875 1811.5172119140625 1816.23681640625 1832.1107177734375 1856.8173828125 1874.901123046875 1899.2415771484375 1937.6204833984375 1963.184326171875 1946.795654296875 1908.9449462890625 1877.5196533203125 1842.98193359375 1803.36474609375 1763.220947265625 1723.2535400390625 1686.8614501953125 1658.9661865234375 1632.1861572265625 1605.75048828125 1585.459716796875 1569.047607421875 1546.72314453125 1524.6630859375 1511.1453857421875 1501.400146484375 1494.1693115234375 1489.527587890625 1486.2855224609375 1482.474853515625 1477.031005859375 1471.3267822265625 1466.4547119140625 1464.532958984375 1466.206787109375 1468.851806640625 1473.8397216796875 1491.9254150390625 1517.984619140625 1529.1636962890625 1529.2606201171875 1530.7186279296875 1531.5145263671875 1540.80078125 1544.78662109375 1531.8853759765625 1517.60546875 1500.1663818359375 1482.9283447265625
1906.9066162109375 1894.0850830078125 1861.5709228515625 1846.0523681640625 1855.5447998046875 1869.4913330078125 1889.1951904296875 1915.35595703125 1940.689208984375 1953.1669921875 1945.96728515625 1928.50634765625 1905.566650390625 1874.9462890625 1833.1148681640625 1793.97314453125 1760.9150390625 1727.55712890625 1696.07568359375 1670.7130126953125 1645.7744140625 1619.943359375 1599.166748046875 1576.19091796875 1547.8341064453125 1525.6693115234375 1513.783447265625 1505.9769287109375 1500.8272705078125 1497.5943603515625 1493.763671875 1488.5250244140625 1482.826416015625 1477.222412109375 1472.8984375 1471.6473388671875 1473.71240234375 1476.6763916015625 1481.0333251953125 1495.42041015625 1521.91552734375 1532.0244140625 1531.7904052734375 1535.8863525390625 1542.1138916015625 1551.490478515625 1550.2552490234375 1535.443359375 1519.73388671875 1505.7288818359375 1494.209716796875
1955.402587890625 1928.7061767578125 1897.917236328125 1888.1217041015625 1898.570556640625 1914.4393310546875 1928.9793701171875 1940.8603515625 1946.4521484375 1935.01708984375 1905.66943359375 1867.4686279296875 1843.82958984375 1822.2337646484375 1792.5186767578125 1761.272705078125 1738.845458984375 1723.52001953125 1694.575439453125 1670.40234375 1651.02734375 1622.8779296875 1594.4107666015625 1566.714599609375 1543.68310546875 1528.9595947265625 1519.3216552734375 1512.8753662109375 1508.768310546875 1504.7496337890625 1499.5230712890625 1493.794921875 1488.505615234375 1483.368408203125 1479.8682861328125 1479.0714111328125 1481.353759765625 1484.603515625 1487.19921875 1492.2852783203125 1502.4412841796875 1510.9942626953125 1517.8831787109375 1528.5401611328125 1542.45458984375 1554.991943359375 1552.3226318359375 1539.6497802734375 1526.5909423828125 1514.8682861328125 1506.22119140625
2002.8414306640625 1968.92236328125 1946.27587890625 1944.7135009765625 1957.13330078125 1965.09619140625 1951.4781494140625 1930.234619140625 1912.4288330078125 1884.1290283203125 1853.5716552734375 1826.05419921875 1801.9986572265625 1783.9508056640625 1761.8843994140625 1731.154541015625 1710.0653076171875 1694.5980224609375 1670.556396484375 1649.7330322265625 1631.4718017578125 1605.83203125 1579.4302978515625 1559.38623046875 1545.0543212890625 1534.1285400390625 1525.78955078125 1520.345947265625 1516.1256103515625 1510.9132080078125 1504.983642578125 1500.01171875 1495.5928955078125 1491.263427734375 1488.1981201171875 1487.587158203125 1489.58203125 1492.570068359375 1494.895751953125 1497.8724365234375 1503.5601806640625 1509.860107421875 1517.7490234375 1533.7144775390625 1554.3819580078125 1569.5147705078125 1567.085693359375 1555.0888671875 1542.804931640625 1531.886474609375 1523.710693359375
2034.70068359375 2023.069580078125 2020.6776123046875 2021.177490234375 2020.0538330078125 2002.60107421875 1970.45751953125 1929.3094482421875 1889.7493896484375 1856.561279296875 1825.306396484375 1799.081298828125 1776.7548828125 1754.075439453125 1732.920166015625 1708.7991943359375 1688.2421875 1670.4703369140625 1650.026123046875 1629.674560546875 1610.7249755859375 1591.5140380859375 1574.0345458984375 1560.6400146484375 1549.8883056640625 1540.458251953125 1533.5699462890625 1528.4300537109375 1523.114501953125 1516.828857421875 1511.55908203125 1508.1627197265625 1505.0908203125 1501.181884765625 1497.7760009765625 1497.1456298828125 1498.9615478515625 1501.648193359375 1504.3006591796875 1506.6396484375 1511.6844482421875 1517.9525146484375 1528.25634765625 1551.22705078125 1576.646728515625 1594.427001953125 1592.4998779296875 1584.8426513671875 1574.493408203125 1560.1971435546875 1547.4853515625
2060.72021484375 2083.3740234375 2109.087158203125 2104.1103515625 2083.485107421875 2062.32763671875 2026.2469482421875 1970.5516357421875 1905.741455078125 1867.98291015625 1830.7266845703125 1796.5836181640625 1770.6773681640625 1745.320068359375 1720.260986328125 1696.6202392578125 1674.883056640625 1656.40625 1639.1708984375 1621.2156982421875 1604.787841796875 1589.6585693359375 1576.5970458984375 1566.1094970703125 1557.079833984375 1549.25 1542.798095703125 1536.3902587890625 1529.8638916015625 1524.0364990234375 1520.9156494140625 1519.1214599609375 1516.2991943359375 1511.936279296875 1507.9534912109375 1507.7860107421875 1509.6480712890625 1512.0087890625 1515.0264892578125 1524.3948974609375 1526.52294921875 1529.6312255859375 1541.04541015625 1566.4810791015625 1600.5987548828125 1627.6463623046875 1627.931396484375 1621.2530517578125 1609.9678955078125 1587.8028564453125 1570.0970458984375
2099.8525390625 2140.531982421875 2166.82568359375 2157.14892578125 2129.220947265625 2104.1025390625 2059.648681640625 1998.001220703125 1937.11279296875 1910.92236328125 1867.1541748046875 1822.960693359375 1792.314697265625 1760.650146484375 1727.9112548828125 1696.94580078125 1672.185546875 1653.99169921875 1638.9429931640625 1624.7943115234375 1610.83642578125 1596.7730712890625 1584.2066650390625 1574.9542236328125 1567.51025390625 1560.22119140625 1552.2752685546875 1544.0975341796875 1537.645263671875 1534.344482421875 1533.335693359375 1532.033447265625 1528.7371826171875 1523.4246826171875 1519.1007080078125 1519.6041259765625 1521.864501953125 1523.7926025390625 1526.54150390625 1537.5172119140625 1551.3385009765625 1558.576416015625 1565.1376953125 1581.0247802734375 1619.4052734375 1664.52001953125 1672.9141845703125 1659.88818359375 1639.1185302734375 1610.606201171875 1593.806884765625
2137.18310546875 2163.856201171875 2172.13671875 2164.83544921875 2141.2578125 2102.589111328125 2044.0068359375 1985.6727294921875 1947.7645263671875 1918.5008544921875 1872.6220703125 1826.603515625 1785.5859375 1756.1705322265625 1726.392822265625 1698.8001708984375 1677.830322265625 1663.267333984375 1652.4237060546875 1638.86083984375 1623.26220703125 1607.6097412109375 1595.9007568359375 1587.8662109375 1580.0985107421875 1571.446044921875 1561.4107666015625 1553.7674560546875 1549.04150390625 1547.4415283203125 1547.7244873046875 1546.2479248046875 1542.7911376953125 1537.78759765625 1533.70361328125 1534.0767822265625 1536.0252685546875 1537.603759765625 1538.731201171875 1546.8082275390625 1569.050048828125 1586.6734619140625 1599.6365966796875 1603.0128173828125 1635.901123046875 1682.8995361328125 1711.7730712890625 1703.16552734375 1672.3349609375 1640.76708984375 1625.3240966796875
2144.004150390625 2150.135498046875 2150.534423828125 2148.083251953125 2133.57568359375 2092.981201171875 2036.7391357421875 1982.2568359375 1932.2698974609375 1887.2274169921875 1848.3740234375 1811.232666015625 1772.3128662109375 1745.22265625 1724.46533203125 1710.9439697265625 1698.47607421875 1687.190673828125 1673.533935546875 1656.389892578125 1635.9984130859375 1619.7291259765625 1611.73291015625 1603.84375 1594.3482666015625 1584.3291015625 1573.3323974609375 1566.40283203125 1563.7650146484375 1562.6248779296875 1563.5096435546875 1562.3836669921875 1560.1910400390625 1557.9576416015625 1556.17578125 1554.6834716796875 1552.361328125 1552.0560302734375 1552.6072998046875 1559.879638671875 1573.7523193359375 1593.173583984375 1617.44140625 1640.2178955078125 1669.972900390625 1709.83203125 1747.8072509765625 1752.2593994140625 1724.3387451171875 1691.654541015625 1677.4476318359375
2121.121337890625 2130.195556640625 2131.5576171875 2130.163818359375 2119.547119140625 2083.385498046875 2028.6409912109375 1978.1778564453125 1935.774658203125 1887.695068359375 1836.8065185546875 1800.9010009765625 1772.008056640625 1753.1407470703125 1739.5936279296875 1740.7109375 1733.5714111328125 1717.7655029296875 1700.6365966796875 1681.4921875 1655.5843505859375 1640.1103515625 1631.899658203125 1621.972900390625 1611.8212890625 1602.211181640625 1590.0360107421875 1582.6806640625 1581.4168701171875 1581.03662109375 1581.4959716796875 1581.8048095703125 1582.2060546875 1581.97314453125 1581.0107421875 1578.4847412109375 1570.67333984375 1567.31103515625 1567.38671875 1573.5904541015625 1591.5859375 1617.1737060546875 1640.7374267578125 1665.217041015625 1698.2978515625 1732.00634765625 1780.108154296875 1808.0533447265625 1800.694091796875 1781.017822265625 1763.42333984375
2094.290283203125 2109.671630859375 2112.139892578125 2111.751220703125 2099.74560546875 2062.138671875 2007.2408447265625 1958.947998046875 1920.2607421875 1881.4990234375 1853.847900390625 1827.8048095703125 1802.78857421875 1775.583984375 1776.0263671875 1781.365966796875 1777.6187744140625 1755.3193359375 1742.2724609375 1722.6171875 1686.22314453125 1667.55615234375 1655.66845703125 1649.0601806640625 1639.5517578125 1625.08251953125 1614.25146484375 1606.105712890625 1603.92578125 1603.6976318359375 1601.3629150390625 1601.4930419921875 1603.73779296875 1605.3126220703125 1606.2906494140625 1603.860107421875 1592.5623779296875 1584.2823486328125 1583.1807861328125 1590.8822021484375 1607.2369384765625 1640.544677734375 1667.9976806640625 1698.5701904296875 1732.661865234375 1764.0308837890625 1807.428955078125 1855.3489990234375 1878.0450439453125 1886.5811767578125 1880.251953125
2071.185791015625 2084.80810546875 2082.904052734375 2082.27880859375 2076.858154296875 2053.412109375 1998.67724609375 1954.8353271484375 1920.6943359375 1908.0966796875 1898.526611328125 1863.0467529296875 1823.4345703125 1819.2886962890625 1841.3970947265625 1850.4932861328125 1830.457763671875 1799.9364013671875 1796.3018798828125 1766.07470703125 1717.582275390625 1692.240966796875 1685.5404052734375 1690.4527587890625 1675.942626953125 1658.218017578125 1654.2056884765625 1638.7293701171875 1631.516845703125 1628.60888671875 1623.2362060546875 1621.598876953125 1624.4481201171875 1628.4669189453125 1632.66845703125 1630.5313720703125 1615.6883544921875 1603.831787109375 1600.0062255859375 1607.0400390625 1628.908447265625 1664.9993896484375 1702.98583984375 1735.2738037109375 1758.2186279296875 1801.2672119140625 1846.0665283203125 1882.7215576171875 1919.766845703125 1949.137451171875 1973.9549560546875
2054.84619140625 2059.662109375 2051.185546875 2046.4451904296875 2043.1273193359375 2035.6136474609375 2001.955810546875 1975.7286376953125 1960.137939453125 1950.466064453125 1929.3072509765625 1881.0101318359375 1862.134765625 1855.728759765625 1893.08740234375 1923.968017578125 1906.2960205078125 1862.574462890625 1846.9703369140625 1789.6654052734375 1736.765625 1714.048095703125 1716.5164794921875 1734.7791748046875 1730.155517578125 1703.57666015625 1696.1376953125 1682.4173583984375 1665.21142578125 1656.617431640625 1648.2259521484375 1644.781005859375 1647.2276611328125 1651.5914306640625 1658.832763671875 1656.3291015625 1638.139892578125 1624.268310546875 1617.520263671875 1623.2103271484375 1652.31494140625 1676.603759765625 1717.3486328125 1763.9527587890625 1823.00927734375 1889.6422119140625 1922.087646484375 1945.977783203125 1971.3763427734375 1998.3424072265625 2030.4654541015625
2051.794677734375 2040.7333984375 2028.3935546875 2020.3583984375 2015.798828125 2025.0360107421875 2028.740966796875 2017.89306640625 2011.459716796875 1984.453369140625 1940.368896484375 1923.84912109375 1908.364501953125 1902.9129638671875 1922.9210205078125 1970.866455078125 1975.43896484375 1947.8323974609375 1896.3836669921875 1809.4638671875 1765.953369140625 1759.185302734375 1756.432861328125 1782.32373046875 1801.82373046875 1766.005615234375 1744.638671875 1731.293212890625 1700.8465576171875 1685.8905029296875 1678.3831787109375 1671.0992431640625 1672.5595703125 1675.6868896484375 1684.4559326171875 1681.159423828125 1658.191650390625 1644.14892578125 1637.7777099609375 1645.704345703125 1669.3154296875 1702.6898193359375 1743.8699951171875 1803.552734375 1889.1282958984375 1950.2393798828125 1985.9361572265625 2009.55859375 2031.6396484375 2054.60009765625 2080.121337890625
2062.6416015625 2043.46484375 2025.249755859375 2010.189208984375 2002.420654296875 2014.4476318359375 2031.4088134765625 2038.2867431640625 2035.0469970703125 1994.4547119140625 1971.9349365234375 1974.5086669921875 1968.8778076171875 1967.3466796875 1974.5015869140625 1993.9012451171875 2022.7373046875 1997.6844482421875 1936.5430908203125 1867.955322265625 1841.603271484375 1842.4039306640625 1817.331298828125 1838.4443359375 1868.4136962890625 1843.7742919921875 1810.62841796875 1776.135009765625 1734.5946044921875 1720.1865234375 1715.8057861328125 1700.6864013671875 1698.8359375 1700.1463623046875 1707.0455322265625 1700.2216796875 1683.71044921875 1668.202880859375 1663.953125 1677.1065673828125 1715.6075439453125 1767.267822265625 1816.142822265625 1884.0157470703125 1944.8837890625 1992.2178955078125 2030.5938720703125 2059.106201171875 2083.796875 2103.55419921875 2126.198486328125
