data/npbg_dem50fix.asc
ncols        532
nrows        446
xllcorner    4557326.744306672364
yllcorner    5256974.281741981395
cellsize     50.000000000000
NODATA_value  -99999
[rows 69 to 91 of 446, columns 102 to 152 of 532]
1857.9344482421875 1859.4530029296875 1871.0179443359375 1885.602783203125 1898.7476806640625 1908.6446533203125 1918.2882080078125 1925.846923828125 1924.9205322265625 1913.976806640625 1891.5291748046875 1859.14013671875 1816.3702392578125 1765.40625 1714.390869140625 1671.024169921875 1634.7889404296875 1599.105712890625 1561.1160888671875 1525.4498291015625 1494.8126220703125 1479.32470703125 1473.9180908203125 1461.3016357421875 1444.1614990234375 1404.0196533203125 1348.3057861328125 1311.87060546875 1277.291259765625 1240.931396484375 1206.1484375 1176.37158203125 1150.587890625 1128.8095703125 1112.0692138671875 1098.9573974609375 1079.40771484375 1059.227783203125 1048.2314453125 1036.286865234375 1017.6448974609375 1000.306640625 986.55499267578125 971.7265625 956.745849609375 948.82708740234375 936.7996826171875 928.10845947265625 916.34552001953125 908.1309814453125 900.1273193359375
1887.3372802734375 1888.9248046875 1894.8677978515625 1902.5244140625 1912.590576171875 1920.735107421875 1932.2728271484375 1939.4808349609375 1928.54296875 1892.8265380859375 1852.099609375 1819.439697265625 1786.047119140625 1750.3292236328125 1703.2764892578125 1661.0079345703125 1618.269775390625 1572.3089599609375 1525.5194091796875 1488.5966796875 1454.2877197265625 1418.950927734375 1393.7208251953125 1386.0377197265625 1379.2646484375 1348.5701904296875 1321.0438232421875 1305.19580078125 1279.6439208984375 1243.037841796875 1207.409423828125 1175.1976318359375 1144.505615234375 1116.716552734375 1094.119140625 1078.739990234375 1062.62939453125 1039.85205078125 1021.62066650390625 1012.7308349609375 1000.87115478515625 982.8125 967.38531494140625 953.8306884765625 940.87579345703125 931.834716796875 919.85302734375 913.09112548828125 903.6016845703125 896.7301025390625 890.346435546875
1915.5184326171875 1913.4007568359375 1912.5166015625 1916.0013427734375 1920.267822265625 1926.283935546875 1937.641845703125 1940.0589599609375 1915.7283935546875 1867.2305908203125 1813.0794677734375 1778.50634765625 1751.94580078125 1729.8929443359375 1705.829345703125 1670.7158203125 1621.12548828125 1563.2574462890625 1506.7135009765625 1463.6260986328125 1419.00537109375 1364.4471435546875 1318.4058837890625 1311.9891357421875 1309.7178955078125 1294.3609619140625 1289.000732421875 1288.6754150390625 1278.24267578125 1248.84423828125 1214.5264892578125 1180.5853271484375 1147.0587158203125 1116.295166015625 1088.70849609375 1064.138671875 1046.0765380859375 1027.7708740234375 1006.35260009765625 990.5194091796875 981.97955322265625 966.06549072265625 948.88409423828125 937.1375732421875 925.041015625 916.40057373046875 906.14752197265625 899.61767578125 891.6026611328125 885.824462890625 880.4547119140625
1946.259033203125 1940.28662109375 1935.5616455078125 1935.9801025390625 1934.6595458984375 1931.776123046875 1934.7021484375 1935.4561767578125 1903.38232421875 1844.3297119140625 1786.7099609375 1744.968994140625 1712.8443603515625 1690.8800048828125 1677.9761962890625 1657.00537109375 1621.3182373046875 1568.6502685546875 1508.450439453125 1446.8231201171875 1388.48583984375 1323.149169921875 1275.1844482421875 1263.3887939453125 1263.3470458984375 1254.509033203125 1256.1328125 1264.2701416015625 1265.6539306640625 1248.6829833984375 1219.103759765625 1183.9285888671875 1148.830810546875 1116.8927001953125 1087.1365966796875 1057.367431640625 1032.5989990234375 1012.4578857421875 995.36724853515625 977.38726806640625 961.62432861328125 948.9674072265625 934.36102294921875 923.3963623046875 912.53558349609375 903.64630126953125 894.72357177734375 887.39117431640625 880.0699462890625 875.096923828125 870.65020751953125
1969.7591552734375 1967.9805908203125 1965.3048095703125 1961.364990234375 1954.019775390625 1940.100341796875 1930.4097900390625 1926.3892822265625 1892.83837890625 1832.571533203125 1771.7265625 1725.3670654296875 1682.934814453125 1650.1343994140625 1628.3663330078125 1609.6934814453125 1585.8682861328125 1547.3126220703125 1483.237548828125 1413.6436767578125 1350.93310546875 1293.796142578125 1252.9378662109375 1232.7738037109375 1230.6749267578125 1222.1519775390625 1224.024169921875 1235.611083984375 1242.503173828125 1234.340087890625 1214.29638671875 1180.892822265625 1145.1580810546875 1111.0262451171875 1078.3914794921875 1047.5206298828125 1018.79754638671875 993.82464599609375 979.850830078125 969.2059326171875 950.12255859375 933.45098876953125 922.4921875 912.7664794921875 904.2481689453125 895.4158935546875 884.75103759765625 876.745849609375 870.45819091796875 865.60748291015625 860.99017333984375
1978.2879638671875 1985.4200439453125 1986.646240234375 1979.3941650390625 1967.579345703125 1951.5201416015625 1929.2918701171875 1902.315185546875 1874.963623046875 1828.165283203125 1766.5650634765625 1715.255859375 1664.4952392578125 1621.9466552734375 1585.929443359375 1556.860107421875 1527.5352783203125 1484.852783203125 1430.41650390625 1371.994140625 1316.545166015625 1272.2373046875 1234.4620361328125 1207.8807373046875 1196.9320068359375 1191.4652099609375 1194.031005859375 1205.2738037109375 1212.8629150390625 1213.0537109375 1200.749267578125 1174.6678466796875 1144.4468994140625 1109.9058837890625 1074.6329345703125 1043.0548095703125 1013.3280029296875 985.02349853515625 963.76953125 952.0634765625 936.9173583984375 921.3385009765625 912.07281494140625 903.77801513671875 894.668701171875 885.087646484375 874.229736328125 868.12750244140625 862.34375 856.81646728515625 851.52276611328125
1980.765625 1993.0128173828125 1993.705078125 1986.478271484375 1974.2294921875 1951.588134765625 1908.8919677734375 1860.1495361328125 1841.13037109375 1823.5802001953125 1769.9095458984375 1715.3218994140625 1662.76611328125 1614.804443359375 1566.909912109375 1518.4434814453125 1475.0146484375 1431.197021484375 1377.56103515625 1331.84912109375 1291.972900390625 1255.47802734375 1219.3673095703125 1188.0736083984375 1167.99072265625 1160.2489013671875 1162.9447021484375 1174.448486328125 1186.6656494140625 1191.060302734375 1177.474853515625 1157.681884765625 1136.84619140625 1109.1324462890625 1077.268310546875 1049.1663818359375 1021.6353759765625 991.77490234375 957.9742431640625 934.8251953125 921.477783203125 909.83416748046875 901.56427001953125 894.00140380859375 885.52838134765625 876.21002197265625 866.73699951171875 861.50201416015625 856.07635498046875 850.33636474609375 844.9058837890625
1987.064453125 2000.56787109375 1997.414794921875 1988.8326416015625 1974.4566650390625 1934.1546630859375 1865.225830078125 1803.962646484375 1786.2796630859375 1789.836181640625 1765.37353515625 1715.1492919921875 1664.7828369140625 1617.1444091796875 1563.6417236328125 1499.5509033203125 1434.63720703125 1379.3472900390625 1334.65673828125 1300.74365234375 1267.66650390625 1236.0615234375 1204.7127685546875 1174.462158203125 1147.78515625 1132.5924072265625 1133.84716796875 1146.871337890625 1163.2646484375 1164.9774169921875 1145.3681640625 1126.052490234375 1111.27001953125 1093.3336181640625 1070.487548828125 1049.083984375 1025.318603515625 995.5294189453125 958.14764404296875 924.988525390625 906.8643798828125 898.23431396484375 890.95977783203125 884.56512451171875 877.85003662109375 870.11785888671875 862.460205078125 857.55462646484375 852.4949951171875 846.98748779296875 841.69146728515625
1999.516357421875 2011.81982421875 2004.40380859375 1983.84326171875 1956.19091796875 1905.4649658203125 1827.0777587890625 1758.4903564453125 1733.14111328125 1739.84423828125 1728.4088134765625 1678.17333984375 1623.4180908203125 1575.714599609375 1518.797119140625 1449.817626953125 1384.0244140625 1332.7457275390625 1299.35107421875 1273.568115234375 1245.9490966796875 1216.515625 1188.7984619140625 1161.85693359375 1133.26025390625 1110.895263671875 1107.944580078125 1120.6806640625 1133.0804443359375 1130.9951171875 1111.65869140625 1092.0294189453125 1081.7967529296875 1069.696533203125 1049.489013671875 1030.6795654296875 1010.94586181640625 985.6116943359375 952.2972412109375 917.89105224609375 895.55926513671875 885.94561767578125 880.20587158203125 874.763671875 869.871826171875 864.5206298828125 859.0804443359375 855.06158447265625 850.87640380859375 845.99505615234375 840.94049072265625
2004.892333984375 2001.2578125 1985.9273681640625 1958.0653076171875 1916.9100341796875 1871.687255859375 1805.8525390625 1732.571533203125 1690.3590087890625 1690.237548828125 1673.546630859375 1611.596435546875 1544.88916015625 1486.0279541015625 1434.0260009765625 1388.595947265625 1344.361083984375 1304.905517578125 1274.6585693359375 1250.04833984375 1227.53271484375 1202.71435546875 1175.2852783203125 1147.324951171875 1118.93310546875 1093.4312744140625 1083.905517578125 1090.5430908203125 1095.5316162109375 1092.1585693359375 1078.4873046875 1060.5137939453125 1053.4244384765625 1045.50390625 1025.6561279296875 1004.31884765625 984.81719970703125 963.16888427734375 935.393310546875 905.1336669921875 883.0830078125 873.548828125 869.2269287109375 864.8984375 861.52423095703125 858.231201171875 855.0592041015625 852.33831787109375 848.53961181640625 844.3883056640625 840.97711181640625
1967.28564453125 1947.775390625 1932.334228515625 1915.6795654296875 1874.63134765625 1828.5347900390625 1780.313232421875 1715.0462646484375 1659.9432373046875 1637.5086669921875 1597.718505859375 1530.23193359375 1468.62158203125 1418.2781982421875 1380.630615234375 1350.8271484375 1320.304443359375 1287.5936279296875 1256.419677734375 1228.4619140625 1205.4610595703125 1184.86962890625 1161.326416015625 1134.0938720703125 1105.841064453125 1079.1612548828125 1062.8038330078125 1058.640869140625 1056.4093017578125 1054.78369140625 1048.2164306640625 1032.738525390625 1023.45196533203125 1018.44073486328125 1002.63702392578125 980.01007080078125 957.84454345703125 936.0303955078125 912.9461669921875 889.3642578125 870.91729736328125 861.6329345703125 857.58026123046875 854.1253662109375 852.49163818359375 851.3292236328125 849.4405517578125 847.08935546875 844.2933349609375 842.37811279296875 841.8116455078125
1910.92333984375 1885.5006103515625 1876.74609375 1870.9908447265625 1831.2130126953125 1770.8253173828125 1728.1536865234375 1681.389892578125 1627.6201171875 1583.47705078125 1529.1614990234375 1468.31591796875 1421.471923828125 1384.6246337890625 1353.197509765625 1327.1328125 1301.33154296875 1273.119873046875 1244.605224609375 1217.2943115234375 1192.569580078125 1168.822509765625 1145.129150390625 1123.216552734375 1099.752197265625 1071.8349609375 1045.7950439453125 1029.7572021484375 1022.2613525390625 1021.38458251953125 1020.2874755859375 1007.93963623046875 993.32867431640625 987.63677978515625 978.10540771484375 957.98016357421875 933.38482666015625 909.9013671875 890.59173583984375 874.75567626953125 861.17724609375 850.20440673828125 844.05908203125 841.876708984375 841.60400390625 841.80078125 840.98577880859375 839.86767578125 839.6400146484375 840.73541259765625 842.431640625
1868.09521484375 1836.1561279296875 1826.7344970703125 1824.83251953125 1783.26123046875 1716.8580322265625 1666.56787109375 1623.9603271484375 1578.0623779296875 1525.7532958984375 1472.6162109375 1429.4039306640625 1395.39501953125 1364.2567138671875 1333.95263671875 1306.761474609375 1281.7734375 1257.071533203125 1232.5592041015625 1208.4281005859375 1184.80615234375 1160.3140869140625 1134.74462890625 1109.877685546875 1088.3216552734375 1065.5958251953125 1038.165283203125 1014.3887939453125 998.44305419921875 992.3453369140625 991.66241455078125 982.57305908203125 965.05267333984375 956.78857421875 950.14886474609375 933.37957763671875 910.25750732421875 887.563720703125 871.92889404296875 861.2032470703125 851.53485107421875 840.23980712890625 831.03973388671875 827.52752685546875 829.54986572265625 831.06256103515625 831.16571044921875 832.494384765625 834.83740234375 837.73956298828125 840.279296875
1813.301025390625 1778.5367431640625 1775.6849365234375 1778.5875244140625 1736.8599853515625 1670.7042236328125 1613.9744873046875 1574.2144775390625 1535.5972900390625 1485.75048828125 1437.053466796875 1403.5218505859375 1374.889892578125 1344.8885498046875 1314.5361328125 1287.016357421875 1262.364990234375 1238.9989013671875 1217.3634033203125 1197.021240234375 1175.93017578125 1152.201904296875 1125.0927734375 1096.242431640625 1070.7034912109375 1051.8509521484375 1030.767822265625 1009.09918212890625 987.00396728515625 970.45513916015625 962.52520751953125 955.08184814453125 941.50079345703125 929.48443603515625 919.293212890625 905.18658447265625 887.14154052734375 868.50152587890625 856.1212158203125 849.0987548828125 842.03173828125 832.82470703125 822.1461181640625 815.69866943359375 817.274658203125 821.44891357421875 823.1268310546875 825.9801025390625 829.52142333984375 832.14306640625 834.14739990234375
1736.376953125 1711.1827392578125 1725.0390625 1728.4852294921875 1687.0185546875 1629.1148681640625 1578.1864013671875 1540.2088623046875 1506.843017578125 1458.326904296875 1411.6085205078125 1379.7919921875 1354.318115234375 1326.099365234375 1295.142333984375 1265.5435791015625 1240.7725830078125 1218.7899169921875 1199.45458984375 1181.770751953125 1163.5599365234375 1141.0748291015625 1113.354736328125 1083.656982421875 1054.740966796875 1031.6202392578125 1011.9703369140625 995.9464111328125 977.6116943359375 956.0963134765625 937.4512939453125 927.17510986328125 918.5191650390625 903.7581787109375 890.902587890625 878.5889892578125 864.0958251953125 849.57635498046875 840.459716796875 836.2095947265625 830.88934326171875 823.7958984375 813.8668212890625 806.634033203125 806.4791259765625 812.61981201171875 815.84619140625 818.65325927734375 822.309814453125 824.85467529296875 826.69720458984375
1675.11083984375 1652.636474609375 1664.2506103515625 1658.53857421875 1621.947509765625 1581.2882080078125 1543.796142578125 1509.274658203125 1475.9539794921875 1431.3944091796875 1388.3680419921875 1357.11328125 1330.0531005859375 1302.9019775390625 1276.912109375 1245.62353515625 1216.8387451171875 1194.093994140625 1176.3575439453125 1160.75390625 1147.2945556640625 1129.7132568359375 1103.2755126953125 1073.1820068359375 1044.42724609375 1016.34893798828125 990.612548828125 973.708251953125 960.4610595703125 943.1163330078125 918.77130126953125 898.70343017578125 891.6280517578125 879.2034912109375 867.692626953125 856.8966064453125 844.50830078125 833.07952880859375 825.20721435546875 822.069091796875 819.07891845703125 813.8037109375 808.094970703125 801.00604248046875 798.34393310546875 805.25347900390625 808.53131103515625 810.7120361328125 813.85394287109375 815.4560546875 816.09637451171875
1637.611083984375 1608.7392578125 1599.9232177734375 1583.7169189453125 1555.93310546875 1527.8707275390625 1502.71044921875 1475.955078125 1442.033935546875 1404.4837646484375 1368.83056640625 1337.62109375 1309.1763916015625 1279.8453369140625 1251.0711669921875 1220.9127197265625 1192.790771484375 1170.118408203125 1151.4083251953125 1136.981689453125 1126.938232421875 1114.51806640625 1092.4141845703125 1061.635986328125 1031.430908203125 1003.13507080078125 977.09136962890625 956.05645751953125 940.38665771484375 925.36737060546875 901.89129638671875 875.285888671875 865.61773681640625 856.8494873046875 848.38330078125 841.6478271484375 831.78717041015625 821.49462890625 813.9168701171875 809.30670166015625 808.59991455078125 806.4820556640625 802.4552001953125 797.05804443359375 794.54559326171875 798.48565673828125 800.65673828125 801.9495849609375 804.1873779296875 804.8466796875 804.98260498046875
1598.9227294921875 1570.844482421875 1551.6846923828125 1531.277587890625 1506.916748046875 1486.2420654296875 1467.6761474609375 1445.1097412109375 1419.10009765625 1391.545166015625 1361.5396728515625 1328.427734375 1295.356689453125 1265.3309326171875 1235.926025390625 1201.1339111328125 1167.63330078125 1145.0208740234375 1128.162109375 1112.060546875 1103.9970703125 1093.542724609375 1074.3140869140625 1044.634521484375 1014.25555419921875 988.9287109375 967.21484375 945.27294921875 924.85028076171875 905.85125732421875 884.51055908203125 861.68548583984375 845.8253173828125 839.988037109375 833.8565673828125 828.80157470703125 820.458251953125 810.35382080078125 805.41229248046875 804.2042236328125 804.78717041015625 804.09503173828125 801.12420654296875 796.6854248046875 793.470703125 792.763671875 793.7589111328125 796.36077880859375 798.01141357421875 798.35980224609375 798.99859619140625
1542.984130859375 1521.3017578125 1504.8660888671875 1486.3544921875 1467.3082275390625 1451.60693359375 1437.2255859375 1419.2373046875 1400.0802001953125 1379.729736328125 1358.3245849609375 1328.2952880859375 1292.9705810546875 1258.676025390625 1224.8836669921875 1188.4154052734375 1152.0245361328125 1124.1158447265625 1104.6600341796875 1092.7784423828125 1080.85888671875 1071.152099609375 1055.238037109375 1027.4052734375 999.40753173828125 978.05767822265625 954.5435791015625 932.07452392578125 912.5845947265625 894.82281494140625 875.7613525390625 855.1644287109375 835.6302490234375 827.9478759765625 821.34112548828125 814.2906494140625 807.368408203125 799.20269775390625 798.537841796875 799.9345703125 799.96490478515625 798.40899658203125 797.0965576171875 793.4713134765625 791.16778564453125 790.42352294921875 791.6146240234375 794.529541015625 795.67230224609375 795.68914794921875 795.968994140625
1502.2991943359375 1480.5672607421875 1462.70703125 1446.737548828125 1432.8304443359375 1418.2374267578125 1405.534423828125 1391.283935546875 1374.6854248046875 1357.803955078125 1342.1746826171875 1319.3507080078125 1288.1864013671875 1252.8326416015625 1217.01220703125 1180.9093017578125 1143.694580078125 1110.4251708984375 1081.4183349609375 1067.1519775390625 1055.084228515625 1041.1336669921875 1030.6201171875 1008.599853515625 981.93377685546875 959.7041015625 936.81439208984375 917.62896728515625 900.73553466796875 888.119140625 871.31317138671875 849.9366455078125 830.19732666015625 816.75872802734375 809.99444580078125 802.0506591796875 797.03558349609375 792.5584716796875 792.2760009765625 793.55157470703125 792.7978515625 792.091064453125 792.49188232421875 790.893798828125 789.74969482421875 790.25836181640625 794.5916748046875 797.4696044921875 797.29571533203125 795.19207763671875 791.95574951171875
1486.27490234375 1460.1671142578125 1438.196044921875 1421.0821533203125 1408.1961669921875 1392.6632080078125 1378.3262939453125 1366.2255859375 1351.1976318359375 1335.82373046875 1320.996826171875 1301.8199462890625 1276.4892578125 1246.3858642578125 1209.837890625 1171.7952880859375 1137.540283203125 1107.0947265625 1076.40234375 1050.4652099609375 1033.1744384765625 1018.007080078125 1008.8919677734375 991.92193603515625 967.5545654296875 944.7696533203125 924.1463623046875 906.29638671875 890.29339599609375 876.6015625 857.838134765625 838.89837646484375 821.6973876953125 808.8265380859375 800.8135986328125 794.59991455078125 791.01239013671875 789.6248779296875 789.458984375 789.6883544921875 789.47906494140625 789.41619873046875 789.63031005859375 789.43695068359375 789.596435546875 792.3692626953125 796.2979736328125 800.3800048828125 798.6834716796875 792.6068115234375 784.02667236328125
1475.1177978515625 1446.047607421875 1421.6104736328125 1401.2373046875 1385.422607421875 1369.8021240234375 1352.224853515625 1340.245361328125 1327.447021484375 1312.703125 1297.9296875 1280.556884765625 1259.85546875 1236.857421875 1204.34375 1168.5667724609375 1131.6619873046875 1097.7559814453125 1070.1849365234375 1043.088134765625 1015.925048828125 1000.0360107421875 985.66070556640625 975.24566650390625 960.08795166015625 939.29296875 917.50555419921875 897.57073974609375 880.1319580078125 862.03558349609375 843.76422119140625 828.35076904296875 813.085693359375 803.43060302734375 797.80560302734375 792.147216796875 789.501220703125 789.0531005859375 789.0313720703125 789.025146484375 789.0673828125 789.16650390625 789.08929443359375 789.19183349609375 790.0169677734375 795.388916015625 798.0084228515625 798.544677734375 793.3421630859375 784.3782958984375 774.96929931640625
1462.29736328125 1433.5780029296875 1407.853271484375 1385.2652587890625 1364.5570068359375 1346.9755859375 1328.43701171875 1313.8858642578125 1303.841552734375 1290.34521484375 1275.13916015625 1259.32373046875 1241.6806640625 1224.0037841796875 1201.086181640625 1166.483642578125 1124.0028076171875 1088.502685546875 1060.86083984375 1032.65673828125 1006.3145751953125 985.717529296875 968.24853515625 956.16815185546875 946.923828125 930.34051513671875 907.25225830078125 888.2947998046875 867.20404052734375 848.84173583984375 834.07373046875 819.55084228515625 805.57403564453125 798.48870849609375 794.813720703125 790.46038818359375 789.12554931640625 788.99951171875 789.01226806640625 789.01824951171875 789.1162109375 789.31201171875 789.28497314453125 789.89111328125 792.56353759765625 796.95062255859375 796.60260009765625 788.88739013671875 779.5667724609375 771.55474853515625 765.49957275390625
