data/npbg_dem50fix.asc
ncols        532
nrows        446
xllcorner    4557326.744306672364
yllcorner    5256974.281741981395
cellsize     50.000000000000
NODATA_value  -99999
[rows 138 to 160 of 446, columns 51 to 101 of 532]
1594.17626953125 1622.8153076171875 1648.7572021484375 1690.0997314453125 1700.71337890625 1689.1441650390625 1665.1668701171875 1651.8017578125 1650.2484130859375 1643.1708984375 1656.92529296875 1657.1341552734375 1627.5751953125 1593.0167236328125 1557.9891357421875 1519.03759765625 1459.0174560546875 1384.1231689453125 1315.5462646484375 1276.9884033203125 1312.911376953125 1353.9697265625 1341.193359375 1314.31201171875 1264.119873046875 1222.09326171875 1221.6258544921875 1242.951904296875 1270.0963134765625 1276.7686767578125 1262.580322265625 1238.9293212890625 1206.0455322265625 1180.6566162109375 1150.63427734375 1112.841552734375 1075.6627197265625 1030.1734619140625 986.015380859375 951.88702392578125 928.26776123046875 915.445556640625 901.12872314453125 884.34722900390625 867.09423828125 853.64483642578125 843.60223388671875 836.46832275390625 833.16290283203125 831.76324462890625 830.94940185546875
1559.700927734375 1596.991943359375 1628.4365234375 1671.7117919921875 1679.6580810546875 1667.7315673828125 1644.3189697265625 1620.6229248046875 1609.918212890625 1599.925537109375 1618.366455078125 1624.7265625 1604.703857421875 1561.886962890625 1525.783447265625 1495.6212158203125 1450.37451171875 1369.6846923828125 1288.552734375 1245.401611328125 1268.72265625 1295.0672607421875 1287.572021484375 1290.881591796875 1255.6748046875 1213.34228515625 1193.28076171875 1213.468017578125 1228.4520263671875 1245.4949951171875 1241.1038818359375 1215.3697509765625 1179.1060791015625 1145.970703125 1116.084716796875 1084.329833984375 1052.3651123046875 1017.0748291015625 978.3216552734375 943.8018798828125 918.20587158203125 900.597900390625 887.55926513671875 874.33697509765625 860.88214111328125 849.41949462890625 841.13677978515625 836.25433349609375 833.734375 832.57000732421875 832.0655517578125
1530.6517333984375 1571.2681884765625 1606.931396484375 1651.0360107421875 1660.046875 1646.5989990234375 1626.607177734375 1600.656005859375 1570.8795166015625 1561.45263671875 1569.5584716796875 1580.333251953125 1563.0125732421875 1530.4566650390625 1492.6015625 1469.4512939453125 1426.821044921875 1350.4024658203125 1275.6134033203125 1220.100830078125 1220.3223876953125 1243.9208984375 1227.526123046875 1244.2603759765625 1230.5299072265625 1216.747802734375 1184.0582275390625 1171.882568359375 1176.4609375 1210.177978515625 1216.1805419921875 1188.160888671875 1150.0020751953125 1112.9327392578125 1080.9400634765625 1053.9556884765625 1027.1617431640625 998.61798095703125 968.213134765625 937.138916015625 908.92578125 887.8353271484375 876.30682373046875 867.25518798828125 857.65606689453125 848.39935302734375 841.3179931640625 837.14300537109375 834.5869140625 834.11090087890625 836.0072021484375
1503.490966796875 1543.68994140625 1578.5472412109375 1622.227783203125 1635.415283203125 1624.0889892578125 1606.58837890625 1584.8917236328125 1550.3033447265625 1524.07421875 1522.4375 1535.6065673828125 1528.91552734375 1499.906005859375 1461.5616455078125 1430.780029296875 1379.218994140625 1317.03369140625 1262.11181640625 1206.543701171875 1181.1729736328125 1188.2452392578125 1177.6923828125 1192.4493408203125 1200.4267578125 1212.822509765625 1171.7772216796875 1126.1080322265625 1119.649658203125 1159.9119873046875 1175.5535888671875 1156.1824951171875 1117.4302978515625 1082.8525390625 1052.9078369140625 1028.5362548828125 1005.7177734375 981.40435791015625 954.79010009765625 927.23895263671875 900.55535888671875 880.0106201171875 866.1429443359375 859.75372314453125 853.4730224609375 846.63653564453125 841.26153564453125 837.71826171875 835.4759521484375 835.95758056640625 841.56158447265625
1461.9034423828125 1508.6019287109375 1543.543701171875 1585.75146484375 1599.4097900390625 1597.2127685546875 1583.9244384765625 1568.4796142578125 1542.0975341796875 1507.0413818359375 1479.468017578125 1484.3697509765625 1477.557373046875 1459.935546875 1438.3695068359375 1395.0841064453125 1347.568603515625 1296.310546875 1244.3890380859375 1198.3553466796875 1158.1962890625 1145.286865234375 1144.127197265625 1155.6060791015625 1180.4210205078125 1184.9183349609375 1136.2803955078125 1082.4029541015625 1066.6005859375 1103.870361328125 1125.9754638671875 1125.10302734375 1087.3797607421875 1056.4854736328125 1030.497314453125 1007.95367431640625 984.14849853515625 963.552490234375 939.20770263671875 913.7769775390625 889.10430908203125 870.6494140625 860.11474609375 851.8546142578125 847.9295654296875 843.67767333984375 840.21759033203125 837.68634033203125 836.28839111328125 837.63592529296875 846.444091796875
1416.66650390625 1469.2457275390625 1505.7698974609375 1545.52978515625 1562.38916015625 1564.3265380859375 1560.821533203125 1547.0560302734375 1529.8399658203125 1499.608154296875 1462.4163818359375 1434.347900390625 1434.811767578125 1391.4647216796875 1387.7606201171875 1355.668701171875 1323.610107421875 1281.866455078125 1240.9893798828125 1173.8775634765625 1132.8323974609375 1120.81787109375 1117.249267578125 1132.5223388671875 1145.9359130859375 1141.1116943359375 1095.6248779296875 1047.1881103515625 1030.930419921875 1058.262939453125 1082.3251953125 1088.5855712890625 1059.5927734375 1032.3343505859375 1008.86907958984375 986.86541748046875 965.77874755859375 946.63458251953125 924.243408203125 898.92547607421875 876.15814208984375 855.60443115234375 849.3525390625 845.83929443359375 843.4678955078125 841.275390625 839.22216796875 837.73724365234375 837.47625732421875 841.30267333984375 851.7581787109375
1381.27880859375 1436.0596923828125 1474.6895751953125 1510.0733642578125 1520.6514892578125 1531.2838134765625 1540.482666015625 1529.61279296875 1508.021728515625 1485.3218994140625 1451.9268798828125 1416.5283203125 1375.7279052734375 1344.1871337890625 1316.2803955078125 1297.5225830078125 1273.8699951171875 1248.5631103515625 1226.0037841796875 1154.9884033203125 1113.037109375 1097.063720703125 1092.647216796875 1099.3328857421875 1102.2899169921875 1100.6702880859375 1068.3345947265625 1026.914306640625 1004.262451171875 1017.03515625 1037.3653564453125 1046.0484619140625 1030.741455078125 1006.281982421875 984.0238037109375 961.99224853515625 943.48760986328125 927.18084716796875 907.92620849609375 885.85009765625 865.28179931640625 849.22088623046875 844.4080810546875 842.91448974609375 841.7283935546875 840.50146484375 839.37884521484375 838.68011474609375 840.64312744140625 847.495849609375 857.8409423828125
1353.2154541015625 1401.6937255859375 1442.0078125 1472.2257080078125 1478.81787109375 1507.515869140625 1530.09326171875 1516.475830078125 1490.613037109375 1464.1590576171875 1441.3070068359375 1411.35205078125 1363.0489501953125 1319.186767578125 1276.27685546875 1246.7095947265625 1213.8538818359375 1206.3504638671875 1188.606689453125 1142.9737548828125 1101.6805419921875 1077.06298828125 1068.4117431640625 1067.297119140625 1064.6385498046875 1064.60400390625 1046.751220703125 1012.76336669921875 983.5252685546875 982.1634521484375 997.9119873046875 1006.19256591796875 997.88543701171875 977.92596435546875 955.0712890625 935.320556640625 919.44757080078125 904.5927734375 888.66790771484375 870.90673828125 852.8095703125 846.41046142578125 843.7965087890625 842.941650390625 841.98492431640625 840.98492431640625 840.4046630859375 841.48309326171875 847.19281005859375 854.0875244140625 863.0189208984375
1328.687744140625 1361.2945556640625 1403.1602783203125 1434.131103515625 1461.5711669921875 1494.619873046875 1509.6986083984375 1499.0517578125 1475.7684326171875 1450.9881591796875 1430.513671875 1399.1920166015625 1364.603271484375 1325.081298828125 1286.0948486328125 1247.5643310546875 1205.8280029296875 1171.64501953125 1150.0462646484375 1126.9619140625 1096.1114501953125 1065.6220703125 1046.7025146484375 1042.505859375 1034.7098388671875 1027.8662109375 1016.47393798828125 993.118896484375 966.2193603515625 959.8369140625 968.6851806640625 974.21014404296875 965.14520263671875 948.28106689453125 928.53778076171875 912.54864501953125 896.6246337890625 883.32330322265625 869.878662109375 856.0469970703125 848.80291748046875 846.1319580078125 844.778076171875 843.9368896484375 843.00537109375 842.03277587890625 842.12835693359375 846.4285888671875 853.11639404296875 860.56976318359375 868.13372802734375
1306.7159423828125 1318.982177734375 1364.3001708984375 1409.9642333984375 1452.8238525390625 1474.4447021484375 1480.8363037109375 1474.2418212890625 1457.171630859375 1437.07177734375 1413.62744140625 1385.4075927734375 1359.0263671875 1331.6866455078125 1300.8226318359375 1264.5335693359375 1222.994873046875 1174.1204833984375 1132.2921142578125 1102.9453125 1089.234375 1058.9500732421875 1030.3951416015625 1020.09832763671875 1011.81243896484375 997.8209228515625 986.27996826171875 969.34259033203125 949.69903564453125 944.0546875 947.78729248046875 949.09356689453125 936.73260498046875 921.78173828125 906.960205078125 892.48504638671875 879.0335693359375 867.97320556640625 858.00408935546875 851.67730712890625 848.63861083984375 847.2103271484375 846.0396728515625 845.144287109375 845.26458740234375 844.2447509765625 844.38702392578125 850.52716064453125 860.36737060546875 868.1441650390625 877.251220703125
1285.6767578125 1286.970458984375 1338.2203369140625 1392.95947265625 1430.8988037109375 1444.60986328125 1452.3697509765625 1449.365966796875 1436.79638671875 1418.0711669921875 1390.768310546875 1366.19140625 1347.9093017578125 1325.707763671875 1299.662841796875 1268.87744140625 1233.2950439453125 1187.4827880859375 1131.1494140625 1086.481201171875 1070.9761962890625 1046.9625244140625 1017.02667236328125 1002.63165283203125 992.93328857421875 978.466064453125 965.177490234375 950.697998046875 936.705810546875 930.93218994140625 930.4461669921875 926.69097900390625 915.34906005859375 901.658203125 888.6732177734375 878.531005859375 868.8995361328125 861.3125 855.38592529296875 851.505615234375 849.55059814453125 848.2508544921875 847.15924072265625 847.25238037109375 849.16668701171875 849.20947265625 848.73455810546875 853.4625244140625 866.2088623046875 876.7484130859375 891.0924072265625
1261.5322265625 1266.634765625 1318.7589111328125 1366.6158447265625 1398.7694091796875 1415.2252197265625 1426.02734375 1425.9285888671875 1418.459228515625 1400.29833984375 1374.288330078125 1349.2760009765625 1330.6802978515625 1309.508056640625 1284.524169921875 1255.463623046875 1218.7838134765625 1176.7467041015625 1128.9259033203125 1079.3924560546875 1044.4742431640625 1028.16357421875 1000.244384765625 986.903076171875 977.2303466796875 966.0435791015625 952.90032958984375 940.49200439453125 928.6346435546875 920.61810302734375 915.98687744140625 909.0614013671875 899.084716796875 888.58563232421875 879.20379638671875 871.79412841796875 865.48016357421875 859.75030517578125 855.35400390625 852.39312744140625 850.79852294921875 849.98052978515625 849.83673095703125 851.7603759765625 855.3690185546875 856.66796875 855.6392822265625 857.98663330078125 871.3380126953125 884.09393310546875 901.05548095703125
1240.6246337890625 1243.619384765625 1286.44140625 1333.6053466796875 1366.61962890625 1387.1094970703125 1398.7926025390625 1402.698486328125 1401.5233154296875 1379.8277587890625 1355.9630126953125 1332.55517578125 1304.763671875 1279.0689697265625 1263.395263671875 1236.5897216796875 1202.3592529296875 1159.4498291015625 1111.462646484375 1062.9112548828125 1021.47393798828125 998.30548095703125 980.33197021484375 971.5771484375 963.8233642578125 955.60491943359375 944.58990478515625 932.89837646484375 921.85614013671875 912.998779296875 906.50238037109375 899.8258056640625 891.7664794921875 883.46771240234375 876.08026123046875 869.57891845703125 864.01824951171875 859.20391845703125 855.73968505859375 854.1829833984375 854.1898193359375 855.7537841796875 856.85223388671875 859.97833251953125 863.8046875 865.4681396484375 865.6217041015625 867.67779541015625 877.5675048828125 890.12872314453125 905.85662841796875
1217.1217041015625 1221.0242919921875 1251.21435546875 1300.872314453125 1335.7630615234375 1353.16552734375 1369.9049072265625 1385.3829345703125 1380.8082275390625 1357.8203125 1333.283935546875 1310.168212890625 1284.9024658203125 1252.1160888671875 1226.2183837890625 1210.711181640625 1180.0421142578125 1136.0087890625 1086.248291015625 1039.973388671875 999.0499267578125 975.31292724609375 963.85821533203125 957.31683349609375 951.4310302734375 944.3336181640625 935.5684814453125 924.2935791015625 913.45428466796875 905.1578369140625 899.32940673828125 893.66741943359375 887.17645263671875 880.32769775390625 873.83294677734375 867.94464111328125 862.9111328125 859.24005126953125 857.8770751953125 861.14471435546875 866.90838623046875 867.328369140625 867.0101318359375 869.98309326171875 873.758056640625 877.154296875 879.6993408203125 882.7626953125 889.3656005859375 899.45208740234375 912.78802490234375
1197.51123046875 1203.4564208984375 1228.4493408203125 1273.0902099609375 1302.3896484375 1317.806884765625 1344.9361572265625 1367.6400146484375 1362.1995849609375 1337.4705810546875 1306.1220703125 1278.4564208984375 1255.5218505859375 1233.9127197265625 1197.2008056640625 1170.3944091796875 1146.466064453125 1108.3026123046875 1060.5870361328125 1015.71270751953125 979.94378662109375 960.0675048828125 951.54095458984375 945.64410400390625 940.4552001953125 932.99346923828125 926.24591064453125 918.078369140625 908.41729736328125 898.93402099609375 893.0274658203125 888.13897705078125 882.77685546875 877.49212646484375 872.1005859375 866.69549560546875 862.54779052734375 861.2379150390625 866.8140869140625 877.98388671875 882.40570068359375 880.6651611328125 880.2347412109375 882.2266845703125 886.27252197265625 892.88189697265625 897.8756103515625 901.048095703125 906.81097412109375 915.71258544921875 926.29473876953125
1184.7601318359375 1182.7467041015625 1205.4451904296875 1245.0150146484375 1268.26025390625 1293.6156005859375 1335.1895751953125 1356.697021484375 1349.2137451171875 1326.489501953125 1291.8077392578125 1250.2479248046875 1221.49365234375 1204.0423583984375 1167.71435546875 1128.8880615234375 1109.555419921875 1080.9105224609375 1036.4681396484375 992.52392578125 961.64422607421875 947.82757568359375 942.5274658203125 938.22357177734375 935.87506103515625 931.2777099609375 925.76544189453125 922.58880615234375 914.2557373046875 899.104248046875 888.2640380859375 883.192138671875 878.6156005859375 874.49505615234375 870.498779296875 867.5311279296875 865.08294677734375 868.04998779296875 879.98529052734375 890.9468994140625 894.109130859375 895.05072021484375 897.8525390625 899.2276611328125 902.56365966796875 910.97393798828125 918.4078369140625 922.357177734375 927.06390380859375 935.03240966796875 945.40228271484375
1166.4595947265625 1155.572265625 1175.5135498046875 1211.486328125 1241.6036376953125 1278.1038818359375 1322.3116455078125 1339.198974609375 1328.6668701171875 1306.7987060546875 1277.8267822265625 1236.05126953125 1195.2423095703125 1176.1275634765625 1152.794189453125 1111.6051025390625 1077.176513671875 1048.2401123046875 1014.3480224609375 977.2586669921875 951.35260009765625 939.99041748046875 936.40533447265625 934.4423828125 936.78857421875 937.76812744140625 935.74884033203125 936.55255126953125 927.34912109375 904.27288818359375 885.98321533203125 879.81341552734375 876.545654296875 874.71697998046875 875.34918212890625 878.06036376953125 876.11846923828125 875.93231201171875 889.0010986328125 904.49517822265625 913.2935791015625 920.0142822265625 924.3385009765625 924.6563720703125 926.5892333984375 932.8309326171875 939.80523681640625 944.91607666015625 947.34564208984375 953.383544921875 965.072998046875
1151.1932373046875 1133.7242431640625 1148.694580078125 1181.3612060546875 1224.4603271484375 1269.515625 1303.615966796875 1315.30078125 1303.587158203125 1279.8975830078125 1253.1500244140625 1217.713134765625 1173.6339111328125 1139.044189453125 1118.5565185546875 1098.2237548828125 1068.5997314453125 1030.0762939453125 993.82781982421875 964.717041015625 945.45025634765625 936.7525634765625 936.3050537109375 937.62445068359375 940.48974609375 944.50311279296875 947.69049072265625 950.703857421875 940.864990234375 913.16912841796875 890.20953369140625 883.095947265625 881.94354248046875 885.4522705078125 892.23992919921875 895.24517822265625 888.83917236328125 889.5787353515625 905.934814453125 923.3070068359375 939.3756103515625 954.7105712890625 964.96600341796875 964.563232421875 961.9063720703125 962.05731201171875 963.5499267578125 966.0423583984375 966.36578369140625 970.1881103515625 980.6231689453125
1152.167236328125 1127.2296142578125 1129.27392578125 1159.002197265625 1209.536376953125 1255.1927490234375 1283.3199462890625 1291.456298828125 1282.1207275390625 1257.287841796875 1227.321044921875 1194.6204833984375 1152.1588134765625 1108.2891845703125 1082.91796875 1075.724853515625 1055.488525390625 1020.3521728515625 986.27374267578125 958.3243408203125 941.5128173828125 936.0780029296875 939.7392578125 943.9320068359375 947.33380126953125 953.3465576171875 958.6072998046875 960.9173583984375 951.8170166015625 926.800537109375 906.515380859375 900.75494384765625 900.9053955078125 905.148193359375 910.04638671875 907.4046630859375 904.42919921875 911.4268798828125 926.39923095703125 941.40728759765625 957.12493896484375 977.350830078125 996.83251953125 1004.546142578125 1000.165283203125 995.1622314453125 991.15673828125 987.4232177734375 984.6220703125 984.913330078125 992.5557861328125
1169.6773681640625 1138.254150390625 1119.2423095703125 1131.280029296875 1185.4482421875 1235.726318359375 1262.955810546875 1268.7091064453125 1257.10302734375 1233.5814208984375 1204.121826171875 1172.4085693359375 1133.3717041015625 1091.6522216796875 1063.2476806640625 1050.0166015625 1033.7012939453125 1007.042236328125 977.75634765625 952.250732421875 938.76312255859375 937.34759521484375 944.557861328125 950.53717041015625 954.444580078125 960.8568115234375 967.14697265625 970.78857421875 965.73004150390625 946.3310546875 929.96453857421875 925.21673583984375 925.234130859375 927.60125732421875 925.76806640625 920.84478759765625 922.04791259765625 930.46026611328125 945.0299072265625 962.78887939453125 979.11444091796875 998.53912353515625 1020.2882080078125 1034.5555419921875 1032.7659912109375 1024.96923828125 1017.7972412109375 1009.52484130859375 1002.6317138671875 999.4622802734375 1002.43487548828125
1195.63330078125 1157.5604248046875 1115.7823486328125 1101.4046630859375 1149.2901611328125 1210.3565673828125 1239.7774658203125 1245.2222900390625 1233.07763671875 1207.3153076171875 1175.485595703125 1146.1318359375 1115.9044189453125 1083.41455078125 1054.9813232421875 1030.844482421875 1011.78424072265625 990.75518798828125 967.734619140625 947.47430419921875 938.31561279296875 943.12469482421875 951.19561767578125 955.73809814453125 959.9908447265625 969.054931640625 978.591552734375 987.94281005859375 989.3389892578125 972.75421142578125 954.56256103515625 949.39471435546875 949.3231201171875 946.63507080078125 941.64971923828125 938.2010498046875 940.04547119140625 947.1297607421875 960.29705810546875 980.53607177734375 1004.0303955078125 1023.202880859375 1041.733154296875 1059.2900390625 1061.96875 1052.1929931640625 1042.4017333984375 1031.5455322265625 1020.92816162109375 1014.35107421875 1012.38763427734375
1210.7353515625 1169.5196533203125 1122.9893798828125 1089.6878662109375 1110.8414306640625 1167.135986328125 1198.064453125 1208.271240234375 1196.861572265625 1172.2586669921875 1139.921630859375 1114.4127197265625 1092.45068359375 1074.7724609375 1052.30224609375 1023.36529541015625 993.00311279296875 975.99249267578125 959.8287353515625 944.1925048828125 939.17486572265625 948.498046875 957.248291015625 961.5826416015625 969.25244140625 984.2100830078125 998.388916015625 1012.57891845703125 1017.78106689453125 1003.10882568359375 980.59490966796875 973.39910888671875 972.45123291015625 964.26654052734375 959.36273193359375 956.78985595703125 957.48712158203125 964.1815185546875 975.6693115234375 995.227783203125 1021.20672607421875 1043.4608154296875 1062.439208984375 1082.291259765625 1090.185546875 1080.1446533203125 1066.975341796875 1054.4322509765625 1040.4759521484375 1029.7611083984375 1024.2138671875
1213.517822265625 1176.418212890625 1136.030029296875 1092.881591796875 1073.2410888671875 1108.5550537109375 1142.7974853515625 1165.02587890625 1157.7288818359375 1132.8272705078125 1105.5849609375 1078.8997802734375 1061.37158203125 1051.1724853515625 1039.8807373046875 1016.1790771484375 984.175048828125 961.4932861328125 948.94158935546875 941.59820556640625 943.80230712890625 956.2425537109375 965.42205810546875 971.29949951171875 983.371826171875 1003.4552001953125 1022.7337646484375 1038.5938720703125 1043.3575439453125 1030.117919921875 1004.64068603515625 994.2379150390625 992.8468017578125 986.0645751953125 980.0286865234375 975.93402099609375 976.05322265625 982.00543212890625 992.8179931640625 1009.3380126953125 1032.729736328125 1057.9466552734375 1079.9622802734375 1100.751220703125 1115.058349609375 1112.3968505859375 1096.2423095703125 1078.6031494140625 1060.3896484375 1046.097412109375 1037.9482421875
